86
Q6ZDY8.1_Oryza_sativa_Japonica_Group                                      0.0000000 0.2808995 1.1798478 1.6957528 1.2728166 1.6984790 0.3285624 0.3083890 1.3916697 1.4716518 1.3276683 0.2703707 1.6208392 1.3027701 0.3255728 1.4791470 1.6527802 1.5509747 0.2832159 1.0040944 0.3089855 1.4779005 1.5463655 1.5364255 1.6926497 1.5687660 0.0422175 1.7047488 1.3226538 0.3013446 1.6444098 0.2772479 1.4760862 0.6327550 1.2829678 0.2788469 1.6341699 0.3812371 1.4157218 1.4861593 0.2673717 1.3886473 0.2624370 1.6300704 1.0794709 1.3615187 1.5613386 1.0206691 1.5928856 1.4503512 1.4338469 1.5442310 1.5050862 1.2372133 0.3210627 1.7026867 1.1495543 0.6297068 1.3064465 0.2872373 0.2805570 1.5131440 0.2648222 0.2716233 1.2228880 1.0487106 1.4941980 1.4814185 0.6350822 0.2808995 1.4837079 0.0600910 0.2966388 1.0128014 1.2221288 0.2901258 0.2531166 1.6939000 1.5646404 1.0156667 0.2673437 1.4959704 0.6563797 1.2618403 0.3180354 0.2874183 
P31040.2_Homo_sapiens                                                     0.2808995 0.0000000 1.1852835 1.7314004 1.2736671 1.6288322 0.3645134 0.3466846 1.3503129 1.4987217 1.3029451 0.0766745 1.6518542 1.2947040 0.3673048 1.4940726 1.6082647 1.5778601 0.0257438 1.0169377 0.3534480 1.4873545 1.5377238 1.5277569 1.6999816 1.6235423 0.2846201 1.6291925 1.3535594 0.0408984 1.6531050 0.0210501 1.4561229 0.6275731 1.3500313 0.0257685 1.6960531 0.4279861 1.3797487 1.5025783 0.0617932 1.3373551 0.1073672 1.6313707 1.0476967 1.3700109 1.5003022 1.0347245 1.5820965 1.4675844 1.4700812 1.4926518 1.5265035 1.2684991 0.2426388 1.6870465 1.2533906 0.6222519 1.3121660 0.3399458 0.3437289 1.4492585 0.0848337 0.3415954 1.2467815 1.0293456 1.4492509 1.5032795 0.6277763 0.0000010 1.5265074 0.3068711 0.0433371 1.0017600 1.2468904 0.2098643 0.2880907 1.6605284 1.6133182 1.0157349 0.0742175 1.5125609 0.6605738 1.2930446 0.3598264 0.0046392 
P17412.3_Wolinella_succinogenes_DSM_1740                                  1.1798478 1.1852835 0.0000000 1.8334450 1.6054636 1.8469629 1.1979330 1.1908245 1.6086281 1.5889168 1.5046052 1.1581930 1.7533017 1.4390304 1.1997141 1.6265738 1.8244971 1.6996188 1.1664436 1.1933235 1.1795953 1.7282534 1.6456778 1.6362549 1.5900606 1.8701319 1.2011774 1.7979841 1.6148550 1.1909674 1.6997430 1.1646032 1.5031175 1.1505794 1.4251907 1.2012308 1.7792771 1.2811678 1.3984830 1.6594196 1.1568778 1.5866538 1.2208577 1.8926497 1.1955613 1.6035546 1.5946538 1.2305879 1.7921850 1.6336318 1.5254970 1.8687437 1.6229519 1.3286044 1.2249569 1.7112262 1.3345082 1.1626153 1.6198889 1.2129335 1.2040906 1.5143091 1.1776943 1.2021787 0.3056333 1.2063066 1.6394025 1.5901242 1.1648463 1.1852835 1.7526331 1.2128955 1.2075880 1.2546595 0.3014484 1.1758041 1.1878339 1.9929874 1.8412445 1.2137561 1.1694552 1.6615511 1.2596152 1.5332883 1.1621479 1.1920523 
Q8TZL4.1_Pyrococcus_furiosus_DSM_3638                                     1.6957528 1.7314004 1.8334450 0.0000000 1.5251250 1.5735506 1.7226946 1.7060926 1.5178900 1.3890828 1.5473798 1.7275924 1.4898794 1.6180988 1.7030327 1.5431092 0.3576670 1.7516638 1.7407166 1.7576211 1.6906094 1.4812870 1.4975961 1.4990879 1.4421286 1.9286322 1.6716754 0.3460137 1.3149195 1.7728086 1.5240072 1.7313785 1.4263232 1.8219288 1.6531036 1.7628533 1.4224485 1.6683675 1.9137179 1.3643124 1.7139155 1.5146176 1.7322924 1.3221311 1.7786543 1.4355941 1.4078824 1.7625729 1.8647081 1.5039233 1.4342490 1.4567245 1.3820018 1.6674320 1.6819931 1.9645449 1.6966895 1.8211069 1.4225897 1.6977537 1.6706100 1.4690149 1.7010985 1.6888393 1.8957892 1.6740283 1.4818875 1.3830568 1.8245935 1.7314004 1.4759741 1.6917002 1.8096100 1.6837181 1.8857461 1.7053706 1.7320959 1.8746377 1.9080366 1.7245172 1.7338979 1.3739957 1.6890521 1.4295653 1.6901587 1.7341614 
Q8YXJ6.1_Nostoc_sp._PCC_7120___FACHB-418                                  1.2728166 1.2736671 1.6054636 1.5251250 0.0000000 1.2569040 1.2375624 1.2174325 1.0781087 1.0087276 0.9451057 1.2695185 1.2255305 1.0929216 1.2577608 1.1851086 1.4747110 1.3429133 1.2655199 1.3331682 1.2183351 1.1113648 1.1786905 1.1661608 1.2603242 1.4852225 1.2708109 1.4247581 1.0731153 1.3039002 1.2678236 1.2629307 1.0739751 1.3176062 1.1031230 1.2738727 1.2532516 1.2751802 1.5775984 1.0098360 1.2918871 1.0636506 1.3031925 1.1875675 1.2775115 1.0574411 1.1649650 1.3258104 1.6041936 1.2172885 1.1619730 1.2250841 1.0576601 1.4131914 1.3376869 1.6732251 1.3192788 1.3214871 0.4537053 1.2753930 1.2756857 1.1374668 1.2681142 1.3078428 1.5116558 1.2886345 1.1890593 1.0093491 1.2860615 1.2736671 1.1786023 1.2797423 1.2622313 1.3503951 1.5059173 1.3038471 1.2995817 1.7257061 1.4798988 1.3440882 1.2722625 1.0080572 1.3332261 0.9400056 1.2175216 1.2914550 
Q8XNE2.1_Clostridium_perfringens_str._13                                  1.6984790 1.6288322 1.8469629 1.5735506 1.2569040 0.0000000 1.6069514 1.5949593 1.2890846 1.2670320 1.2339767 1.6279472 1.4368578 1.3150339 1.6378273 1.4124362 1.6057536 1.4597053 1.6274894 1.7427579 1.5897594 1.2977103 1.5449517 1.5314567 1.6360609 1.6620718 1.7054746 1.6123427 1.3952117 1.6719631 1.3325711 1.6232330 1.3159321 1.6560843 1.3329432 1.6270248 1.5286765 1.6489325 1.8463477 1.2487192 1.6430714 1.2935921 1.6929302 1.4515687 1.7884280 1.2595838 1.5565575 1.7223099 1.6293547 1.5109398 1.5792133 1.4041022 1.2712698 1.5829664 1.6523429 1.6544842 1.4785528 1.6543887 1.2790903 1.6615172 1.7533065 1.5969027 1.6378650 1.7728975 1.8144690 1.6601019 1.5001846 1.2651777 1.6682470 1.6288322 0.7185363 1.7065506 1.6261772 1.5901453 1.8081615 1.6893819 1.6930941 1.7485201 1.6361461 1.6993313 1.6183623 1.2520206 1.7348699 1.2428984 1.5920340 1.6420187 
P31038.1_Rickettsia_prowazekii_str._Madrid_E                              0.3285624 0.3645134 1.1979330 1.7226946 1.2375624 1.6069514 0.0000000 0.0348523 1.3921694 1.4010736 1.3026684 0.3647152 1.6265294 1.2829009 0.0184039 1.4843738 1.6363746 1.5424263 0.3675849 0.9282533 0.0396263 1.4111739 1.4953372 1.4977728 1.6673892 1.6645427 0.3285132 1.6808853 1.2880553 0.3854079 1.6494345 0.3643650 1.4029586 0.5849215 1.2736962 0.3728264 1.5928283 0.3236617 1.3897932 1.4055906 0.3523498 1.3936241 0.3732153 1.6112474 0.9971872 1.3597922 1.4666392 0.9157986 1.6378099 1.5295113 1.4863015 1.5130162 1.4467884 1.2509438 0.4518820 1.7068012 1.2541364 0.5764900 1.2909432 0.3691254 0.3644483 1.5349121 0.3495971 0.3653236 1.2566229 0.9542070 1.5324069 1.4051646 0.5873955 0.3645134 1.5112201 0.3459382 0.3893607 1.0338841 1.2549297 0.3529319 0.3306734 1.6785353 1.6523114 0.9081479 0.3528737 1.4151611 0.6467380 1.2411664 0.0539388 0.3717116 
Q92J97.1_Rickettsia_conorii_str._Malish_7                                 0.3083890 0.3466846 1.1908245 1.7060926 1.2174325 1.5949593 0.0348523 0.0000000 1.3832603 1.3862164 1.2523589 0.3418570 1.6022776 1.2671555 0.0348556 1.4763481 1.6197542 1.5308518 0.3505570 0.9159985 0.0092081 1.3764503 1.4833340 1.4857505 1.6470097 1.6545531 0.3082585 1.6666039 1.2714532 0.3616702 1.6206658 0.3473568 1.3972057 0.5606590 1.2703787 0.3518322 1.5918696 0.3238705 1.3909414 1.4044041 0.3330922 1.3846598 0.3525147 1.5804210 0.9709876 1.3389722 1.4404835 0.9016123 1.6336893 1.4711039 1.4483583 1.5127836 1.4470824 1.2325634 0.4358316 1.7085281 1.2316734 0.5523300 1.2653702 0.3625536 0.3688029 1.5424964 0.3269115 0.3665486 1.2641431 0.9385019 1.4770510 1.3902582 0.5632509 0.3466846 1.5055078 0.3253882 0.3690504 1.0293388 1.2642404 0.3465010 0.3350089 1.6741515 1.6423172 0.8925775 0.3270684 1.4140194 0.6406768 1.2306735 0.0278273 0.3537816 
Q9JSX4.1_Neisseria_meningitidis_Z2491                                     1.3916697 1.3503129 1.6086281 1.5178900 1.0781087 1.2890846 1.3921694 1.3832603 0.0000000 0.9788465 1.0121530 1.3336661 1.3828915 1.0280165 1.4060499 1.1953935 1.4939556 1.2984355 1.3369387 1.5506470 1.3710956 1.2662670 1.2081699 1.1994589 1.4617932 1.6823365 1.3845667 1.5555370 0.9205382 1.3639822 1.4081961 1.3337618 0.9104903 1.3498638 1.0413911 1.3420867 1.4931521 1.4298612 1.8208147 0.9916477 1.3303988 0.0185363 1.3807488 1.4390060 1.4678530 0.8830007 1.1195018 1.5537663 1.7104312 1.1566013 1.2438319 1.3130081 0.9626254 1.5807325 1.4337108 1.9188378 1.4509017 1.3426911 1.0527800 1.3683873 1.3738899 1.2164584 1.3100502 1.3518479 1.6167877 1.4881904 1.1315446 0.9786810 1.3855588 1.3503129 1.1706016 1.3978425 1.3450682 1.4904197 1.6082426 1.3975792 1.3430882 1.7700590 1.6666038 1.5524343 1.3123819 0.9949609 1.4417193 0.7866464 1.3763667 1.3685503 
P10902.4_Escherichia_coli_K-12                                            1.4716518 1.4987217 1.5889168 1.3890828 1.0087276 1.2670320 1.4010736 1.3862164 0.9788465 0.0000000 0.9686506 1.5088037 1.3300816 0.9259273 1.3980947 1.1408240 1.4280222 1.2501600 1.4942965 1.3556205 1.3711031 1.1270709 1.3218010 1.3239636 1.3089351 1.7120272 1.4834780 1.4750014 0.9492785 1.5028665 1.3164372 1.4838443 0.2689549 1.4598462 0.8798942 1.5163345 1.2905227 1.4129138 1.6952878 0.0856506 1.4983828 0.9645786 1.5450922 1.2477084 1.4285357 0.4542212 1.2498151 1.3901652 1.7333792 1.1860843 1.3245891 1.3647627 0.1639171 1.4396362 1.4835037 1.6718091 1.2555984 1.4550714 0.9954240 1.4521466 1.4222250 1.2425932 1.4963585 1.4194100 1.5402910 1.3703882 1.1381205 0.0045249 1.4379549 1.4987217 1.1161840 1.4619842 1.5307414 1.4034428 1.5265326 1.5094191 1.5017010 1.7482870 1.6969158 1.3390316 1.5128897 0.0807644 1.4186205 0.5390273 1.3740580 1.5016459 
Q9X8N8.1_Streptomyces_coelicolor_A3_2_                                    1.3276683 1.3029451 1.5046052 1.5473798 0.9451057 1.2339767 1.3026684 1.2523589 1.0121530 0.9686506 0.0000000 1.2891104 1.1759539 0.9828472 1.2995831 1.0300983 1.4750444 1.1595380 1.3066708 1.4258191 1.2556976 1.1405488 1.1025225 1.0910428 1.3133276 1.6259958 1.3335303 1.4885468 1.0565581 1.3220466 1.1616716 1.3042902 0.9942426 1.3450600 1.0274201 1.2984135 1.2817103 1.3107392 1.5896206 0.9834343 1.2779623 1.0104314 1.2995842 1.2876823 1.2487756 1.0020290 1.0247384 1.4154921 1.5350761 0.8067282 0.9879422 1.2189758 0.9594099 1.4657289 1.2632266 1.5381845 1.2574973 1.3488976 0.9792910 1.3905303 1.3206440 0.9548728 1.2887692 1.3313009 1.5355184 1.4048900 0.8022232 0.9689149 1.3327266 1.3029451 1.2335231 1.3311547 1.3115534 1.3871659 1.5298945 1.2743806 1.3756573 1.7132679 1.6142508 1.4140233 1.2894494 0.9909846 1.4020750 0.9064963 1.2678151 1.3207246 
Q6PA58.1_Xenopus_laevis                                                   0.2703707 0.0766745 1.1581930 1.7275924 1.2695185 1.6279472 0.3647152 0.3418570 1.3336661 1.5088037 1.2891104 0.0000000 1.6120537 1.2836012 0.3680090 1.5034908 1.5900340 1.5938313 0.0668816 1.0207564 0.3519794 1.4918287 1.5379330 1.5279893 1.6941217 1.6010713 0.2739985 1.6253356 1.3396488 0.0817121 1.6136337 0.0595018 1.4734034 0.6117412 1.3321891 0.0752888 1.7031555 0.4184103 1.3796096 1.5063010 0.0478213 1.3209778 0.0850936 1.6255308 1.0300353 1.3917106 1.4937591 1.0333681 1.5997808 1.4622352 1.4808114 1.4702393 1.5158615 1.2786777 0.2490561 1.7172749 1.2604048 0.6031661 1.3368214 0.3366362 0.3191922 1.4226703 0.0257206 0.3147423 1.2332828 1.0231122 1.4636992 1.5133587 0.6054112 0.0766745 1.4995351 0.2927579 0.0833949 0.9997002 1.2334013 0.2018168 0.2866366 1.6874289 1.5921172 1.0287821 0.0162464 1.5162128 0.6735651 1.2882601 0.3384592 0.0817258 
Q8Y5N4.1_Listeria_monocytogenes_EGD-e                                     1.6208392 1.6518542 1.7533017 1.4898794 1.2255305 1.4368578 1.6265294 1.6022776 1.3828915 1.3300816 1.1759539 1.6120537 0.0000000 1.3218478 1.6098133 1.3115094 1.5190537 1.6122160 1.6462544 1.6559907 1.6043049 0.9932663 1.3306328 1.3139951 1.4455845 1.7499303 1.6083136 1.6027580 1.4128176 1.6675916 0.1439850 1.6490099 1.3622112 1.6269748 1.3471428 1.6709607 1.4016890 1.6786869 1.8843208 1.3330499 1.6094708 1.3931458 1.6374735 1.5150670 1.5566980 1.4771407 1.4373906 1.6790248 1.9883419 1.3670340 1.3328019 1.2002246 1.3122244 1.5391044 1.5650883 1.8948302 1.4544248 1.6266595 1.2914736 1.6385161 1.5915495 1.3971488 1.5987244 1.5572708 1.7681346 1.6454462 1.3845161 1.3260758 1.6523584 1.6518542 1.2969611 1.6462463 1.6697100 1.8851963 1.7700870 1.5984634 1.5736231 1.9291827 1.7428018 1.6517259 1.6061063 1.3401762 1.5450577 1.3010645 1.5961337 1.6678952 
Q6Z836.1_Oryza_sativa_Japonica_Group                                      1.3027701 1.2947040 1.4390304 1.6180988 1.0929216 1.3150339 1.2829009 1.2671555 1.0280165 0.9259273 0.9828472 1.2836012 1.3218478 0.0000000 1.2966705 1.1675822 1.6555334 1.2735934 1.2864259 1.4231602 1.2710024 1.2059638 1.2505339 1.2369727 1.3607520 1.7342941 1.2844905 1.6413611 1.0199368 1.3327296 1.3310856 1.2852372 0.8846938 1.2994427 0.1905227 1.3054962 1.3865735 1.4060559 1.6746361 0.9395339 1.2758703 1.0110902 1.3172840 1.4431437 1.3607888 0.8673156 1.2746733 1.4764452 1.7986200 1.0646716 1.2877949 1.3160706 0.9053514 1.2710599 1.3475753 1.8168695 1.2297131 1.3040970 1.0092766 1.2976408 1.3197075 1.2785272 1.2663182 1.2923175 1.4900011 1.4200364 1.1025787 0.9210860 1.3045373 1.2947040 1.1803122 1.3121060 1.3215269 1.3474099 1.4738318 1.3367640 1.3318483 1.8665445 1.7234083 1.4136125 1.2864752 0.9427827 1.3600386 0.8296901 1.2699076 1.3123874 
Q68XN9.1_Rickettsia_typhi_str._Wilmington                                 0.3255728 0.3673048 1.1997141 1.7030327 1.2577608 1.6378273 0.0184039 0.0348556 1.4060499 1.3980947 1.2995831 0.3680090 1.6098133 1.2966705 0.0000000 1.4888878 1.6232240 1.5653064 0.3672095 0.9322047 0.0396299 1.3969610 1.5108036 1.5132967 1.6491572 1.6698659 0.3255405 1.6765398 1.3010966 0.3848588 1.6363443 0.3645113 1.4175712 0.5872888 1.2731625 0.3724737 1.5879760 0.3352984 1.3844236 1.3911933 0.3524232 1.4076038 0.3749623 1.5872290 1.0051078 1.3548275 1.4780788 0.9186215 1.6450503 1.5343701 1.5074670 1.5165173 1.4442563 1.2456247 0.4569988 1.7115813 1.2674816 0.5788251 1.2982536 0.3768503 0.3685784 1.5648855 0.3527762 0.3666275 1.2701276 0.9616702 1.5444633 1.4021677 0.5897573 0.3673048 1.5157133 0.3450381 0.3896550 1.0425092 1.2684107 0.3626894 0.3328565 1.6840244 1.6575718 0.9095469 0.3529508 1.4007034 0.6455844 1.2473293 0.0516204 0.3745607 
Q92R32.1_Sinorhizobium_meliloti_1021                                      1.4791470 1.4940726 1.6265738 1.5431092 1.1851086 1.4124362 1.4843738 1.4763481 1.1953935 1.1408240 1.0300983 1.5034908 1.3115094 1.1675822 1.4888878 0.0000000 1.4874987 1.2576077 1.5005096 1.5626370 1.4888659 1.3063769 0.9271233 0.9165418 1.4301662 1.8479685 1.4911547 1.4797889 1.0921593 1.5237409 1.3495281 1.4919525 1.1601009 1.4985921 1.1416151 1.4976865 1.4493008 1.4881394 1.6710886 1.1537858 1.4981976 1.1757912 1.4947046 1.3572943 1.6041261 1.1833488 0.8821663 1.6016268 1.9076498 1.2508853 0.7413428 1.2767964 1.1465531 1.4398549 1.4576578 1.8951591 1.3243216 1.4996280 1.1874077 1.4547586 1.4007823 0.9013272 1.5060276 1.3923995 1.6045650 1.5653085 1.2217398 1.1455954 1.5106039 1.4940726 1.3314107 1.4919273 1.4979624 1.6231484 1.5928338 1.5079148 1.3919820 1.8956146 1.8398379 1.5757348 1.4969186 1.1594177 1.4624071 1.0793826 1.4803360 1.4916268 
O57765.1_Pyrococcus_horikoshii_OT3                                        1.6527802 1.6082647 1.8244971 0.3576670 1.4747110 1.6057536 1.6363746 1.6197542 1.4939556 1.4280222 1.4750444 1.5900340 1.5190537 1.6555334 1.6232240 1.4874987 0.0000000 1.7024480 1.6152498 1.6153974 1.6103451 1.4880195 1.4774396 1.4667093 1.4659832 1.8592172 1.6422473 0.1635057 1.3402122 1.6602389 1.5613793 1.6079281 1.4741940 1.7297588 1.6474906 1.6355387 1.4367872 1.6519805 2.0317065 1.3835352 1.5735147 1.4814484 1.6247715 1.3165076 1.6680645 1.4492100 1.3260948 1.6442728 1.7945424 1.5581867 1.5130683 1.5413454 1.4420447 1.6507597 1.6424189 2.0575726 1.6371963 1.7396573 1.5564992 1.6311588 1.5598255 1.3525245 1.5577597 1.6061850 1.8075767 1.5436344 1.5274427 1.4218750 1.7419652 1.6082647 1.5425683 1.6766643 1.6821802 1.6441619 1.7979149 1.5619240 1.6884706 1.7803311 1.8452274 1.6392101 1.5911796 1.3856137 1.6306522 1.4121791 1.5901053 1.6314719 
Q9HNZ0.1_Halobacterium_salinarum_NRC-1                                    1.5509747 1.5778601 1.6996188 1.7516638 1.3429133 1.4597053 1.5424263 1.5308518 1.2984355 1.2501600 1.1595380 1.5938313 1.6122160 1.2735934 1.5653064 1.2576077 1.7024480 0.0000000 1.5953151 1.6054320 1.5253277 1.4777479 1.2347529 1.2332063 1.5150749 1.6381667 1.5774315 1.7132029 1.2729288 1.6380795 1.5768814 1.5896643 1.2591714 1.6134594 1.3063596 1.5771466 1.4700656 1.5834788 1.9646452 1.2454276 1.5568020 1.2861541 1.6122794 1.5795146 1.5743501 1.2239541 1.2301303 1.6080551 1.6379415 1.1957003 1.0841601 1.3515186 1.2599784 1.6409475 1.6342445 1.5506138 1.4697693 1.6073095 1.2644087 1.6895864 1.6097882 1.2402110 1.5800856 1.5631061 1.7869726 1.6036199 1.1921300 1.2619356 1.5870235 1.5778601 1.3406883 1.5564608 1.5901719 1.6176768 1.7826144 1.5410484 1.6272672 1.7891285 1.6257457 1.5899061 1.6006171 1.2513672 1.6206089 1.1624571 1.5593656 1.6005661 
Q920L2.1_Rattus_norvegicus                                                0.2832159 0.0257438 1.1664436 1.7407166 1.2655199 1.6274894 0.3675849 0.3505570 1.3369387 1.4942965 1.3066708 0.0668816 1.6462544 1.2864259 0.3672095 1.5005096 1.6152498 1.5953151 0.0000000 1.0071733 0.3573214 1.4847165 1.5328167 1.5228650 1.7167340 1.5942465 0.2866029 1.6497536 1.3527072 0.0285554 1.6574154 0.0092720 1.4510254 0.6239703 1.3385987 0.0257455 1.7096427 0.4287033 1.3639063 1.4993965 0.0521271 1.3240554 0.1019215 1.6228859 1.0313890 1.3658470 1.4969453 1.0233963 1.5473675 1.4345865 1.4656094 1.5005340 1.5196950 1.2646466 0.2529001 1.6821773 1.2394228 0.6186628 1.3095389 0.3417504 0.3320090 1.4576367 0.0723414 0.3318351 1.2262697 1.0266728 1.4201379 1.4988086 0.6268505 0.0257438 1.5141564 0.3094109 0.0383952 1.0090757 1.2263936 0.2111268 0.2873906 1.6588130 1.5853602 1.0132692 0.0643682 1.5093602 0.6619092 1.3040256 0.3559141 0.0305188 
V3TQ67.1_Serratia_sp._ATCC_39006                                          1.0040944 1.0169377 1.1933235 1.7576211 1.3331682 1.7427579 0.9282533 0.9159985 1.5506470 1.3556205 1.4258191 1.0207564 1.6559907 1.4231602 0.9322047 1.5626370 1.6153974 1.6054320 1.0071733 0.0000000 0.9147304 1.4989739 1.6370954 1.6230270 1.6814787 1.5903479 0.9976344 1.6889876 1.5706260 1.0347001 1.6401365 1.0104802 1.3916323 0.9754784 1.3733813 1.0207732 1.6683378 1.0137752 1.3302425 1.4211364 1.0051167 1.5467972 1.0432478 1.5179563 0.6315703 1.3965932 1.6243948 0.1133368 1.5704650 1.4733874 1.4769683 1.7548748 1.4021732 1.2367605 1.0554492 1.6300181 1.2496780 0.9788407 1.3464796 1.0541861 0.9788667 1.5128996 1.0042091 1.0000512 1.1535570 0.2445614 1.4292065 1.3701852 0.9673864 1.0169377 1.6412359 1.0262346 1.0304179 1.1036900 1.1520331 1.0170915 0.9935820 1.8443846 1.5759451 0.1258873 1.0089354 1.4196612 0.9965723 1.3169929 0.9122760 1.0242153 
Q4UJM1.1_Rickettsia_felis_URRWXCal2                                       0.3089855 0.3534480 1.1795953 1.6906094 1.2183351 1.5897594 0.0396263 0.0092081 1.3710956 1.3711031 1.2556976 0.3519794 1.6043049 1.2710024 0.0396299 1.4888659 1.6103451 1.5253277 0.3573214 0.9147304 0.0000000 1.3761730 1.4796097 1.4820001 1.6525935 1.6460749 0.3088571 1.6568602 1.2803909 0.3637488 1.6190352 0.3541115 1.3859150 0.5662414 1.2775861 0.3586497 1.5903692 0.3196256 1.3932191 1.3939435 0.3367931 1.3724123 0.3584884 1.5923510 0.9734605 1.3270086 1.4393234 0.9011651 1.6253760 1.4649402 1.4527300 1.5168184 1.4303938 1.2328667 0.4310751 1.6997388 1.2429756 0.5579076 1.2481525 0.3584968 0.3659201 1.5446086 0.3369375 0.3636466 1.2558889 0.9469454 1.4748287 1.3803236 0.5713362 0.3534480 1.4938722 0.3260243 0.3759966 1.0143562 1.2559928 0.3502625 0.3387448 1.6749225 1.6339153 0.8883133 0.3371010 1.4034995 0.6535089 1.2205804 0.0325690 0.3605927 
P38032.1_Bacillus_subtilis_subsp._subtilis_str._168                       1.4779005 1.4873545 1.7282534 1.4812870 1.1113648 1.2977103 1.4111739 1.3764503 1.2662670 1.1270709 1.1405488 1.4918287 0.9932663 1.2059638 1.3969610 1.3063769 1.4880195 1.4777479 1.4847165 1.4989739 1.3761730 0.0000000 1.2760289 1.2693407 1.2588585 1.5956263 1.4642989 1.4765427 1.3019634 1.5185484 0.9959088 1.4867544 1.1939138 1.5505795 1.1890719 1.4781465 1.2574695 1.4527115 1.6680915 1.1597802 1.4645300 1.2699850 1.4706610 1.4383252 1.4034436 1.1970671 1.2504971 1.5611688 1.6960776 1.2680252 1.2964226 1.1889589 1.2013440 1.4646131 1.4751794 1.7364172 1.3550390 1.5439784 1.1901821 1.5326146 1.5083545 1.1341394 1.4622468 1.5070974 1.7085601 1.4126235 1.2720171 1.1198401 1.5570367 1.4873545 1.2984254 1.4908209 1.5085673 1.6232456 1.6964803 1.4527865 1.5157930 1.7078197 1.5849324 1.4848713 1.4787335 1.1630187 1.5961701 1.1202419 1.4001565 1.5084346 
Q9PC57.1_Xylella_fastidiosa_9a5c                                          1.5463655 1.5377238 1.6456778 1.4975961 1.1786905 1.5449517 1.4953372 1.4833340 1.2081699 1.3218010 1.1025225 1.5379330 1.3306328 1.2505339 1.5108036 0.9271233 1.4774396 1.2347529 1.5328167 1.6370954 1.4796097 1.2760289 0.0000000 0.0136152 1.3507792 1.8062776 1.5068835 1.4982647 1.2825255 1.5670099 1.3350820 1.5336069 1.3726513 1.4842828 1.2646408 1.5259110 1.3697801 1.5053060 1.7953564 1.3340234 1.5038093 1.2015424 1.5455255 1.3882298 1.5277037 1.3816292 0.4837418 1.7135262 1.8869545 1.1163351 0.9668637 1.4340091 1.3711828 1.5696561 1.5343148 1.8300595 1.4770809 1.4901709 1.2671499 1.6212871 1.5714343 0.7224275 1.5460317 1.5798008 1.6768339 1.6695013 1.0872079 1.3256264 1.5130252 1.5377238 1.4488296 1.5747508 1.5709420 1.6678440 1.6672431 1.5203309 1.5561941 1.9839776 1.7951673 1.6490845 1.5379199 1.3308165 1.4916068 1.2054040 1.4886497 1.5495777 
Q87D19.1_Xylella_fastidiosa_Temecula1                                     1.5364255 1.5277569 1.6362549 1.4990879 1.1661608 1.5314567 1.4977728 1.4857505 1.1994589 1.3239636 1.0910428 1.5279893 1.3139951 1.2369727 1.5132967 0.9165418 1.4667093 1.2332063 1.5228650 1.6230270 1.4820001 1.2693407 0.0136152 0.0000000 1.3494634 1.8114334 1.4970210 1.4967162 1.2774963 1.5567660 1.3187950 1.5236533 1.3670337 1.4534783 1.2523921 1.5159974 1.3618896 1.5065049 1.8091301 1.3363033 1.4940489 1.1928902 1.5355278 1.3993566 1.4987560 1.3822688 0.4796632 1.7034994 1.8918960 1.1038817 0.9559717 1.4320201 1.3674290 1.5721981 1.5244435 1.8396430 1.4735330 1.4593799 1.2539143 1.6082969 1.5534967 0.7254306 1.5360294 1.5604258 1.6492011 1.6762083 1.0747062 1.3278209 1.4819628 1.5277569 1.4617608 1.5645557 1.5606521 1.6547488 1.6397194 1.5105908 1.5447163 1.9823096 1.8003401 1.6318260 1.5279722 1.3330672 1.4813147 1.1956460 1.4910981 1.5395400 
Q97ZC5.2_Saccharolobus_solfataricus_P2                                    1.6926497 1.6999816 1.5900606 1.4421286 1.2603242 1.6360609 1.6673892 1.6470097 1.4617932 1.3089351 1.3133276 1.6941217 1.4455845 1.3607520 1.6491572 1.4301662 1.4659832 1.5150749 1.7167340 1.6814787 1.6525935 1.2588585 1.3507792 1.3494634 0.0000000 1.6578030 1.6927936 1.4734424 1.3595845 1.7400379 1.3680102 1.7025620 1.2903022 1.7211176 1.4308477 1.7325994 0.5303656 1.7487461 1.9091825 1.2876373 1.6840067 1.4511306 1.7266026 1.1815923 1.5744655 1.2933569 1.2840867 1.6539566 1.7559754 1.4210785 1.4062188 1.2819278 1.2996620 1.4945310 1.6939837 1.7533560 1.5185429 1.7359325 1.2883464 1.7096083 1.6666341 1.2420225 1.7216612 1.6965086 1.6966465 1.6377041 1.3939309 1.3123188 1.7343252 1.6999816 1.4408265 1.7228718 1.7436078 1.5541339 1.6955164 1.7307143 1.6909972 1.7723381 1.6578030 1.6483877 1.6968854 1.2907557 1.6921262 1.3557852 1.6620679 1.7149956 
P0C278.1_Shewanella_frigidimarina                                         1.5687660 1.6235423 1.8701319 1.9286322 1.4852225 1.6620718 1.6645427 1.6545531 1.6823365 1.7120272 1.6259958 1.6010713 1.7499303 1.7342941 1.6698659 1.8479685 1.8592172 1.6381667 1.5942465 1.5903479 1.6460749 1.5956263 1.8062776 1.8114334 1.6578030 0.0000000 1.5745699 1.8984342 1.8425549 1.6190191 1.7725293 1.5980973 1.7953178 1.7359265 1.7922059 1.5998051 1.8118399 1.6993094 1.8588701 1.8088238 1.6120130 1.6768259 1.6157298 1.9047939 1.8295931 1.7655918 1.8634552 1.5370964 0.3725491 1.6537569 1.5171622 1.7282553 1.7736868 1.5960968 1.6265178 0.8684889 1.4363391 1.7401633 1.6573643 1.6733983 1.6618367 1.8051598 1.5999072 1.6659757 1.8655693 1.5706241 1.5650128 1.7127812 1.7405087 1.6235423 1.6823675 1.5844108 1.6159447 1.5396623 1.8596733 1.7086444 1.6518701 1.3559065 0.0000010 1.5499301 1.6035060 1.8108764 1.7944280 1.6758473 1.6316048 1.6356951 
O82663.1_Arabidopsis_thaliana                                             0.0422175 0.2846201 1.2011774 1.6716754 1.2708109 1.7054746 0.3285132 0.3082585 1.3845667 1.4834780 1.3335303 0.2739985 1.6083136 1.2844905 0.3255405 1.4911547 1.6422473 1.5774315 0.2866029 0.9976344 0.3088571 1.4642989 1.5068835 1.4970210 1.6927936 1.5745699 0.0000000 1.6821222 1.3297908 0.3050249 1.6163105 0.2805607 1.5059750 0.6280296 1.2679399 0.2821776 1.6367429 0.3788857 1.4069865 1.5029751 0.2722668 1.3865043 0.2589238 1.6560502 1.0753176 1.3729824 1.5572586 1.0433138 1.5960049 1.4792187 1.4227285 1.5732420 1.4854789 1.2221963 0.3268755 1.7135244 1.1518341 0.6319175 1.2841377 0.2775023 0.2814210 1.5148907 0.2679554 0.2750488 1.2418029 1.0451948 1.5082560 1.4933042 0.6300100 0.2846201 1.4995701 0.0569054 0.3004361 1.0253597 1.2409914 0.2930560 0.2687362 1.6940079 1.5703700 1.0200234 0.2715991 1.5128186 0.6570230 1.2464078 0.3193224 0.2912337 
Q9V2R0.1_Pyrococcus_abyssi_GE5                                            1.7047488 1.6291925 1.7979841 0.3460137 1.4247581 1.6123427 1.6808853 1.6666039 1.5555370 1.4750014 1.4885468 1.6253356 1.6027580 1.6413611 1.6765398 1.4797889 0.1635057 1.7132029 1.6497536 1.6889876 1.6568602 1.4765427 1.4982647 1.4967162 1.4734424 1.8984342 1.6821222 0.0000000 1.3542485 1.6929012 1.6300638 1.6422640 1.4930922 1.7431995 1.6265584 1.6434286 1.4085321 1.6994121 2.0175468 1.4121924 1.6208288 1.5385130 1.6534710 1.3304387 1.7202767 1.4735191 1.3321473 1.7016230 1.8035845 1.5482609 1.4325308 1.5627083 1.4417749 1.6253709 1.6262402 2.0761634 1.6389527 1.7357068 1.4391304 1.6479818 1.6187147 1.3753950 1.6013714 1.6789488 1.8403575 1.6042117 1.4990089 1.4688171 1.7549773 1.6291925 1.5191439 1.7246613 1.6913761 1.6926764 1.8303896 1.5936916 1.6962975 1.7258745 1.8899381 1.6776702 1.6352361 1.4222233 1.6860596 1.4072948 1.6314666 1.6530902 
Q8XQG4.1_Ralstonia_solanacearum_GMI1000                                   1.3226538 1.3535594 1.6148550 1.3149195 1.0731153 1.3952117 1.2880553 1.2714532 0.9205382 0.9492785 1.0565581 1.3396488 1.4128176 1.0199368 1.3010966 1.0921593 1.3402122 1.2729288 1.3527072 1.5706260 1.2803909 1.3019634 1.2825255 1.2774963 1.3595845 1.8425549 1.3297908 1.3542485 0.0000000 1.3933928 1.4372235 1.3369774 0.9820097 1.4107009 0.9894147 1.3668870 1.3265874 1.4014208 1.6447827 0.9880773 1.3364879 0.9189926 1.3768530 1.3651738 1.4573916 0.9415980 1.1772663 1.6388474 1.8017036 1.2699477 1.2086533 1.4013987 0.9619123 1.5060621 1.4064822 1.9075128 1.3408470 1.4154107 1.2055039 1.3604448 1.3407087 1.2409236 1.3225124 1.3237180 1.6377861 1.4991108 1.1958827 0.9493796 1.4262782 1.3535594 1.2851144 1.3689323 1.3443817 1.4649278 1.6288639 1.3811972 1.3577633 1.8191114 1.8281409 1.5525466 1.3360072 0.9932725 1.4117668 0.8475268 1.2639193 1.3577337 
Q0QF17.1_Mesocricetus_auratus                                             0.3013446 0.0408984 1.1909674 1.7728086 1.3039002 1.6719631 0.3854079 0.3616702 1.3639822 1.5028665 1.3220466 0.0817121 1.6675916 1.3327296 0.3848588 1.5237409 1.6602389 1.6380795 0.0285554 1.0347001 0.3637488 1.5185484 1.5670099 1.5567660 1.7400379 1.6190191 0.3050249 1.6929012 1.3933928 0.0000000 1.6899780 0.0285942 1.4755617 0.6438958 1.3868376 0.0360488 1.7293568 0.4439671 1.4019375 1.5107521 0.0656701 1.3507511 0.1168667 1.6612443 1.0546443 1.3972828 1.5398151 1.0510820 1.5692196 1.4632926 1.5145738 1.5537825 1.5310428 1.2842052 0.2643517 1.6935728 1.2713820 0.6384226 1.3378001 0.3581667 0.3498287 1.5022321 0.0874895 0.3485213 1.2535610 1.0393482 1.4530948 1.5075003 0.6471744 0.0408984 1.5441219 0.3286528 0.0488726 1.0372456 1.2536655 0.2351877 0.3108461 1.6916114 1.6190191 1.0284016 0.0790900 1.5209171 0.6845432 1.3422624 0.3671354 0.0458530 
Q929Z2.1_Listeria_innocua_Clip11262                                       1.6444098 1.6531050 1.6997430 1.5240072 1.2678236 1.3325711 1.6494345 1.6206658 1.4081961 1.3164372 1.1616716 1.6136337 0.1439850 1.3310856 1.6363443 1.3495281 1.5613793 1.5768814 1.6574154 1.6401365 1.6190352 0.9959088 1.3350820 1.3187950 1.3680102 1.7725293 1.6163105 1.6300638 1.4372235 1.6899780 0.0000000 1.6584889 1.3081128 1.5940405 1.3085618 1.6675288 1.3793338 1.6542759 1.8215308 1.3146750 1.6231803 1.4119921 1.6197487 1.5162764 1.5231688 1.4204661 1.4068370 1.6881964 1.9776993 1.3699068 1.3051735 1.1926875 1.2733951 1.5695524 1.5446165 1.9002908 1.4614864 1.6063690 1.2957021 1.7118775 1.6438612 1.3797052 1.6094409 1.6040941 1.7041760 1.6244357 1.4155248 1.3149128 1.6204283 1.6531050 1.2228562 1.6367572 1.6621066 1.8719735 1.7062986 1.5636635 1.6294203 1.8370841 1.7586061 1.6670751 1.6153346 1.3116389 1.5397326 1.3158636 1.6234849 1.6766578 
Q8K2B3.1_Mus_musculus                                                     0.2772479 0.0210501 1.1646032 1.7313785 1.2629307 1.6232330 0.3643650 0.3473568 1.3337618 1.4838443 1.3042902 0.0595018 1.6490099 1.2852372 0.3645113 1.4919525 1.6079281 1.5896643 0.0092720 1.0104802 0.3541115 1.4867544 1.5336069 1.5236533 1.7025620 1.5980973 0.2805607 1.6422640 1.3369774 0.0285942 1.6584889 0.0000000 1.4405756 0.6213307 1.3348679 0.0257799 1.7057990 0.4275877 1.3702044 1.4887294 0.0496780 1.3208509 0.0992926 1.6136117 1.0353663 1.3631920 1.5053559 1.0267019 1.5429312 1.4368484 1.4663562 1.4996023 1.5088916 1.2592722 0.2471376 1.6778174 1.2465167 0.6160266 1.3094400 0.3365318 0.3283568 1.4479991 0.0674127 0.3222505 1.2271356 1.0203359 1.4189224 1.4883217 0.6242170 0.0210501 1.5128419 0.3032449 0.0335881 1.0040654 1.2272588 0.2073950 0.2873614 1.6543321 1.5892103 1.0092128 0.0570107 1.4986884 0.6656484 1.2898164 0.3527203 0.0258077 
Q9KPA4.2_Vibrio_cholerae_O1_biovar_El_Tor_str._N16961                     1.4760862 1.4561229 1.5031175 1.4263232 1.0739751 1.3159321 1.4029586 1.3972057 0.9104903 0.2689549 0.9942426 1.4734034 1.3622112 0.8846938 1.4175712 1.1601009 1.4741940 1.2591714 1.4510254 1.3916323 1.3859150 1.1939138 1.3726513 1.3670337 1.2903022 1.7953178 1.5059750 1.4930922 0.9820097 1.4755617 1.3081128 1.4405756 0.0000000 1.3982002 0.8951399 1.4639157 1.2934286 1.4590321 1.6514698 0.2812027 1.4761169 0.9015658 1.5099143 1.2314802 1.4825926 0.4113039 1.2680045 1.4152180 1.7690746 1.1283527 1.3389835 1.3612994 0.2600996 1.4523839 1.4869744 1.7148754 1.2382188 1.4034788 1.0204125 1.4396084 1.4139081 1.2407720 1.4599842 1.4442531 1.4407663 1.4357637 1.0893996 0.2695331 1.3798302 1.4561229 1.1591249 1.5194838 1.4826101 1.3367662 1.4278446 1.5032641 1.4871598 1.8050694 1.7792727 1.3355649 1.4909771 0.2752576 1.3882504 0.5210650 1.3840396 1.4591166 
Q8ZQU3.1_Salmonella_enterica_subsp._enterica_serovar_Typhimurium_str._LT2 0.6327550 0.6275731 1.1505794 1.8219288 1.3176062 1.6560843 0.5849215 0.5606590 1.3498638 1.4598462 1.3450600 0.6117412 1.6269748 1.2994427 0.5872888 1.4985921 1.7297588 1.6134594 0.6239703 0.9754784 0.5662414 1.5505795 1.4842828 1.4534783 1.7211176 1.7359265 0.6280296 1.7431995 1.4107009 0.6438958 1.5940405 0.6213307 1.3982002 0.0000000 1.2474622 0.6185771 1.7344117 0.6374036 1.4072483 1.4896984 0.6196567 1.3433493 0.6157441 1.7149788 0.9636880 1.3942027 1.4953775 0.9990071 1.7231735 1.4949836 1.4460130 1.4797716 1.5028479 1.1915874 0.6688958 1.7472568 1.1749614 0.0068750 1.3057735 0.6365358 0.5982111 1.5179380 0.6169368 0.6020736 1.1893082 1.0479663 1.4534480 1.4578784 0.0445915 0.6275731 1.5761427 0.6416872 0.6493262 1.0811181 1.1895425 0.6574992 0.6277629 1.8164486 1.7094681 0.9627718 0.6229516 1.4997114 0.4665303 1.3565321 0.5671648 0.6371244 
Q94AY1.1_Arabidopsis_thaliana                                             1.2829678 1.3500313 1.4251907 1.6531036 1.1031230 1.3329432 1.2736962 1.2703787 1.0413911 0.8798942 1.0274201 1.3321891 1.3471428 0.1905227 1.2731625 1.1416151 1.6474906 1.3063596 1.3385987 1.3733813 1.2775861 1.1890719 1.2646408 1.2523921 1.4308477 1.7922059 1.2679399 1.6265584 0.9894147 1.3868376 1.3085618 1.3348679 0.8951399 1.2474622 0.0000000 1.3524574 1.4411620 1.3430509 1.6295841 0.9024315 1.3271619 1.0245764 1.3322779 1.3776178 1.3494126 0.8630941 1.2713701 1.4415418 1.7876083 1.0366610 1.2975979 1.3487841 0.9268347 1.2642842 1.3656761 1.8441653 1.1650306 1.2459671 1.0452263 1.3311937 1.3114846 1.2892713 1.3098044 1.2949114 1.4592803 1.4010769 1.1110135 0.8797964 1.2816785 1.3500313 1.1736197 1.2652526 1.3724506 1.3351283 1.4429508 1.3059845 1.3089605 1.9765618 1.7806834 1.3575882 1.3355317 0.9057501 1.3559486 0.8162983 1.2852862 1.3569442 
Q0QF01.2_Sus_scrofa                                                       0.2788469 0.0257685 1.2012308 1.7628533 1.2738727 1.6270248 0.3728264 0.3518322 1.3420867 1.5163345 1.2984135 0.0752888 1.6709607 1.3054962 0.3724737 1.4976865 1.6355387 1.5771466 0.0257455 1.0207732 0.3586497 1.4781465 1.5259110 1.5159974 1.7325994 1.5998051 0.2821776 1.6434286 1.3668870 0.0360488 1.6675288 0.0257799 1.4639157 0.6185771 1.3524574 0.0000000 1.7365365 0.4281864 1.3717143 1.5300572 0.0618315 1.3237852 0.0991010 1.6203401 1.0188771 1.3687174 1.4759862 1.0382774 1.5597383 1.4758875 1.4735791 1.5034964 1.5477691 1.2741841 0.2516314 1.6776715 1.2445951 0.6132563 1.3112336 0.3433897 0.3359830 1.4260944 0.0808883 0.3346953 1.2532276 1.0304164 1.4631199 1.5209737 0.6263868 0.0257685 1.5337408 0.3049591 0.0285244 1.0109486 1.2533315 0.2116474 0.2906294 1.6639063 1.5897352 1.0196092 0.0728525 1.5401687 0.6585368 1.3073222 0.3572254 0.0305487 
Q972D2.1_Sulfurisphaera_tokodaii_str._7                                   1.6341699 1.6960531 1.7792771 1.4224485 1.2532516 1.5286765 1.5928283 1.5918696 1.4931521 1.2905227 1.2817103 1.7031555 1.4016890 1.3865735 1.5879760 1.4493008 1.4367872 1.4700656 1.7096427 1.6683378 1.5903692 1.2574695 1.3697801 1.3618896 0.5303656 1.8118399 1.6367429 1.4085321 1.3265874 1.7293568 1.3793338 1.7057990 1.2934286 1.7344117 1.4411620 1.7365365 0.0000000 1.5932192 1.8736992 1.2566141 1.6757388 1.4835045 1.7411379 1.2988181 1.6363968 1.3589339 1.2957485 1.6763591 1.8143538 1.4843208 1.4625023 1.3455326 1.3218510 1.5424027 1.6886580 1.8054947 1.5270096 1.7398297 1.3882486 1.6600164 1.5967745 1.3140444 1.6944556 1.6248353 1.8152927 1.6294104 1.5045081 1.2955768 1.7289117 1.6960531 1.4323340 1.6765300 1.7324834 1.5255020 1.8147804 1.6961072 1.6155987 1.8710845 1.8118399 1.6167762 1.6959582 1.2519022 1.6396813 1.3557386 1.6103879 1.7203495 
Q59661.1_Paracoccus_denitrificans                                         0.3812371 0.4279861 1.2811678 1.6683675 1.2751802 1.6489325 0.3236617 0.3238705 1.4298612 1.4129138 1.3107392 0.4184103 1.6786869 1.4060559 0.3352984 1.4881394 1.6519805 1.5834788 0.4287033 1.0137752 0.3196256 1.4527115 1.5053060 1.5065049 1.7487461 1.6993094 0.3788857 1.6994121 1.4014208 0.4439671 1.6542759 0.4275877 1.4590321 0.6374036 1.3430509 0.4281864 1.5932192 0.0000000 1.4588755 1.4429223 0.3982857 1.4257653 0.3995008 1.6569296 1.0370858 1.3857507 1.5023568 1.0210451 1.6446764 1.4588057 1.4838513 1.5793897 1.4849562 1.3130065 0.4340007 1.6898852 1.2957848 0.6374981 1.2871033 0.4326018 0.4055551 1.5005628 0.4062254 0.4016235 1.2986511 1.0385555 1.4662891 1.4206224 0.6354923 0.4279861 1.4931686 0.3708761 0.4569160 1.0544848 1.2999019 0.3911597 0.4158068 1.6978829 1.6893243 1.0248275 0.4147399 1.4452597 0.6790882 1.3323703 0.3261459 0.4338329 
P08065.4_Bacillus_subtilis_subsp._subtilis_str._168                       1.4157218 1.3797487 1.3984830 1.9137179 1.5775984 1.8463477 1.3897932 1.3909414 1.8208147 1.6952878 1.5896206 1.3796096 1.8843208 1.6746361 1.3844236 1.6710886 2.0317065 1.9646452 1.3639063 1.3302425 1.3932191 1.6680915 1.7953564 1.8091301 1.9091825 1.8588701 1.4069865 2.0175468 1.6447827 1.4019375 1.8215308 1.3702044 1.6514698 1.4072483 1.6295841 1.3717143 1.8736992 1.4588755 0.0000000 1.6986162 1.3664252 1.8308476 1.3969625 1.8676728 1.3757126 1.6612997 1.7698182 1.3539724 1.8413558 1.7793657 1.7413867 1.6215747 1.6891683 1.4582079 1.4019322 1.8791924 1.4851936 1.4051129 1.5591183 1.4804914 1.4306674 1.7194549 1.3983189 1.4998003 1.4223345 1.3543975 1.8673309 1.6948019 1.4214817 1.3797487 1.7852436 1.4192106 1.3938605 1.4354187 1.4182723 1.4158946 1.4392267 1.9824477 1.8449842 1.3879305 1.3765304 1.7075949 1.4206419 1.6383849 1.3710673 1.3777147 
Q8ZMX9.1_Salmonella_enterica_subsp._enterica_serovar_Typhimurium_str._LT2 1.4861593 1.5025783 1.6594196 1.3643124 1.0098360 1.2487192 1.4055906 1.4044041 0.9916477 0.0856506 0.9834343 1.5063010 1.3330499 0.9395339 1.3911933 1.1537858 1.3835352 1.2454276 1.4993965 1.4211364 1.3939435 1.1597802 1.3340234 1.3363033 1.2876373 1.8088238 1.5029751 1.4121924 0.9880773 1.5107521 1.3146750 1.4887294 0.2812027 1.4896984 0.9024315 1.5300572 1.2566141 1.4429223 1.6986162 0.0000000 1.5077149 0.9771402 1.5622930 1.2746988 1.4927375 0.4697681 1.2614832 1.4562668 1.7418268 1.1548640 1.3189990 1.3421185 0.1810448 1.4477777 1.4954765 1.6746870 1.2465910 1.4822331 0.9981636 1.4608663 1.4488953 1.2687206 1.4993899 1.4583009 1.5896801 1.4022893 1.1291953 0.0835652 1.4678714 1.5025783 1.1498389 1.4789655 1.5449126 1.4058194 1.5754262 1.5526271 1.5103344 1.7649048 1.7958204 1.3800591 1.5143097 0.0045046 1.4417812 0.5555180 1.3818372 1.5055417 
Q9YHT1.2_Gallus_gallus                                                    0.2673717 0.0617932 1.1568778 1.7139155 1.2918871 1.6430714 0.3523498 0.3330922 1.3303988 1.4983828 1.2779623 0.0478213 1.6094708 1.2758703 0.3524232 1.4981976 1.5735147 1.5568020 0.0521271 1.0051167 0.3367931 1.4645300 1.5038093 1.4940489 1.6840067 1.6120130 0.2722668 1.6208288 1.3364879 0.0656701 1.6231803 0.0496780 1.4761169 0.6196567 1.3271619 0.0618315 1.6757388 0.3982857 1.3664252 1.5077149 0.0000000 1.3176325 0.0815113 1.6041475 1.0496087 1.3675143 1.4886395 1.0163395 1.6002317 1.4414283 1.4651616 1.4777521 1.5147196 1.2807617 0.2405400 1.6963370 1.2589092 0.6142074 1.2942848 0.3331848 0.3113761 1.4026958 0.0524637 0.3082436 1.2192193 1.0374824 1.4373178 1.5084083 0.6193471 0.0617932 1.5152284 0.2908793 0.0698813 0.9894694 1.2193999 0.1838850 0.2831645 1.6890185 1.6030177 1.0111273 0.0448422 1.5176504 0.6725226 1.2981480 0.3360764 0.0667565 
Q9K107.1_Neisseria_meningitidis_MC58                                      1.3886473 1.3373551 1.5866538 1.5146176 1.0636506 1.2935921 1.3936241 1.3846598 0.0185363 0.9645786 1.0104314 1.3209778 1.3931458 1.0110902 1.4076038 1.1757912 1.4814484 1.2861541 1.3240554 1.5467972 1.3724123 1.2699850 1.2015424 1.1928902 1.4511306 1.6768259 1.3865043 1.5385130 0.9189926 1.3507511 1.4119921 1.3208509 0.9015658 1.3433493 1.0245764 1.3237852 1.4835045 1.4257653 1.8308476 0.9771402 1.3176325 0.0000000 1.3676835 1.4461162 1.4694364 0.8659112 1.1099678 1.5498757 1.7057465 1.1692258 1.2335895 1.3107982 0.9547371 1.5871990 1.4121394 1.9032311 1.4564022 1.3361723 1.0362357 1.3549095 1.3632227 1.2025130 1.2974834 1.3462108 1.5949335 1.4843094 1.1307371 0.9644233 1.3790688 1.3373551 1.1655287 1.3916870 1.3266476 1.4756832 1.5865164 1.3843771 1.3324307 1.7831078 1.6611189 1.5513829 1.2997757 0.9804598 1.4402901 0.7862153 1.3777202 1.3554591 
